10
10
-4 0
-4 -4
-12 -4
-12 0
-19 0
-19 10
-16 10
-16 9
-12 9
-12 10
10
14 -11
14 -10
18 -10
18 -11
21 -11
21 -1
14 -1
14 3
6 3
6 -1
10
-4 11
-6 11
-6 3
-2 3
-2 18
8 18
8 15
7 15
7 11
8 11
10
2 -4
2 -8
19 -8
19 5
14 5
14 6
17 6
17 14
10 14
10 7
10
-3 -5
-7 -5
-7 3
-3 3
-3 10
7 10
7 7
6 7
6 3
7 3
10
-3 -5
-3 -9
-11 -9
-11 -5
-18 -5
-18 5
-15 5
-15 4
-11 4
-11 5
10
5 6
5 2
-3 2
-3 6
-10 6
-10 16
-7 16
-7 15
-4 15
-4 16
10
7 -9
7 -5
15 -5
15 -9
22 -9
22 -19
19 -19
19 -18
15 -18
15 -19
10
-6 -8
-2 -8
-2 -16
-6 -16
-6 -23
-16 -23
-16 -20
-15 -20
-15 -16
-16 -16
10
-7 0
-3 0
-3 -8
-7 -8
-7 -15
-17 -15
-17 -12
-16 -12
-16 -8
-18 -8
10
-4 0
-4 -4
-12 -4
-12 0
-19 0
-19 10
-16 10
-16 9
-12 9
-12 10
7
8
0 0
6 0
6 2
4 2
4 4
2 4
2 2
0 2
8
0 2
0 0
-6 0
-6 2
-4 2
-4 4
-2 4
-2 2
8
0 -2
0 0
-6 0
-6 -2
-4 -2
-4 -4
-2 -4
-2 -2
8
2 14
2 12
0 12
0 10
6 10
6 12
4 12
4 14
8
-2 -2
0 -2
0 0
-6 0
-6 -2
-4 -2
-4 -4
-2 -4
8
-4 0
-2 0
-2 2
0 2
0 4
-6 4
-6 2
-4 2
8
4 2
4 0
6 0
6 2
8 2
8 4
2 4
2 2
8
2 -2
4 -2
4 0
6 0
6 -2
8 -2
8 -4
2 -4
5
3
9 -8
9 -16
10 -16
3
2 -5
-2 -5
-2 -9
3
-3 25
-3 17
-4 17
3
-5 4
-5 -5
-4 -5
3
-2 8
-2 17
-3 17
3
7 -4
7 5
6 5
4
5
-8 -2
-15 -2
-15 -11
-9 -11
-9 -8
5
-1 4
-1 -3
8 -3
8 3
5 3
6
14 -1
17 -1
17 -7
8 -7
8 0
0 0
5
1 8
8 8
8 17
2 17
2 14
4
1 8
8 8
8 17
2 17
50
10
-5 -9
-5 -18
-9 -18
-9 -23
-14 -23
-14 -25
-4 -25
-4 -15
5 -15
5 -24
10
7 9984
7 9992
11 9992
11 9997
16 9997
16 9999
6 9999
6 9989
-3 9989
-3 9998
10
8 -9983
8 -9992
5 -9992
5 -9997
0 -9997
0 -9999
10 -9999
10 -9989
19 -9989
19 -9998
10
0 -4
10 -4
10 -8
14 -8
14 -13
16 -13
16 -3
6 -3
6 6
15 6
10
9983 2
9992 2
9992 -3
9997 -3
9997 -7
9999 -7
9999 3
9989 3
9989 12
9998 12
10
-2 -8
7 -8
7 -12
12 -12
12 -18
14 -18
14 -7
4 -7
4 2
13 2
10
-6 -9983
-6 -9992
-10 -9992
-10 -9997
-16 -9997
-16 -9999
-5 -9999
-5 -9989
4 -9989
4 -9998
10
-5 1
4 1
4 -3
9 -3
9 -8
12 -8
12 2
1 2
1 11
10 11
10
9989 9990
9989 9992
9994 9992
9994 9997
9999 9997
9999 9999
9988 9999
9988 9989
9995 9989
9995 9996
10
6 -4
6 5
10 5
10 10
15 10
15 12
5 12
5 1
-4 1
-4 11
10
-1 0
8 0
8 -4
13 -4
13 -9
15 -9
15 1
5 1
5 11
14 11
10
9983 -9990
9992 -9990
9992 -9994
9997 -9994
9997 -9999
9999 -9999
9999 -9989
9989 -9989
9989 -9980
9998 -9980
10
-6 -9
4 -9
4 -13
9 -13
9 -18
11 -18
11 -8
1 -8
1 1
10 1
10
9 0
9 9
12 9
12 14
17 14
17 16
7 16
7 6
-2 6
-2 15
10
-5 -3
3 -3
3 -7
9 -7
9 -12
11 -12
11 -2
1 -2
1 7
10 7
10
-9983 4
-9992 4
-9992 8
-9997 8
-9997 14
-9999 14
-9999 3
-9989 3
-9989 -6
-9998 -6
10
-9982 4
-9991 4
-9991 8
-9996 8
-9996 13
-9999 13
-9999 3
-9988 3
-9988 -6
-9997 -6
10
9983 8
9992 8
9992 4
9997 4
9997 -1
9999 -1
9999 10
9989 10
9989 18
9998 18
10
6 2
6 -7
2 -7
2 -12
-3 -12
-3 -14
8 -14
8 -4
16 -4
16 -13
10
9983 -1
9992 -1
9992 -5
9997 -5
9997 -10
9999 -10
9999 0
9988 0
9988 9
9998 9
10
7 4
7 -5
3 -5
3 -10
-2 -10
-2 -12
8 -12
8 -2
18 -2
18 -11
10
9990 -8
9990 1
9994 1
9994 6
9999 6
9999 8
9989 8
9989 -2
9980 -2
9980 7
10
-8 -9982
-8 -9992
-12 -9992
-12 -9997
-17 -9997
-17 -9999
-7 -9999
-7 -9989
2 -9989
2 -9998
10
1 -9
-9 -9
-9 -5
-13 -5
-13 0
-15 0
-15 -10
-5 -10
-5 -19
-14 -19
10
-9983 -8
-9992 -8
-9992 -5
-9997 -5
-9997 1
-9999 1
-9999 -9
-9989 -9
-9989 -18
-9998 -18
10
2 -1
-7 -1
-7 3
-12 3
-12 9
-14 9
-14 -2
-4 -2
-4 -11
-13 -11
10
9 1
0 1
0 5
-5 5
-5 11
-7 11
-7 0
3 0
3 -9
-6 -9
10
-2 -7
-2 2
2 2
2 7
7 7
7 9
-3 9
-3 -2
-12 -2
-12 8
10
-3 6
-3 -3
-7 -3
-7 -8
-13 -8
-13 -10
-2 -10
-2 0
7 0
7 -9
10
2 1
-7 1
-7 5
-12 5
-12 10
-14 10
-14 0
-4 0
-4 -9
-13 -9
10
5 6
-5 6
-5 10
-10 10
-10 15
-12 15
-12 5
-2 5
-2 -4
-11 -4
10
-2 9983
-2 9992
1 9992
1 9997
6 9997
6 9999
-4 9999
-4 9989
-13 9989
-13 9998
10
8 0
8 9
13 9
13 14
17 14
17 16
7 16
7 6
-2 6
-2 15
10
7 9983
7 9992
11 9992
11 9997
16 9997
16 9999
6 9999
6 9989
-3 9989
-3 9998
10
8 -7
-1 -7
-1 -3
-6 -3
-6 2
-8 2
-8 -8
3 -8
3 -17
-8 -17
10
-4 5
-4 -5
-8 -5
-8 -10
-13 -10
-13 -12
-3 -12
-3 -2
6 -2
6 -11
10
-4 6
5 6
5 3
10 3
10 -2
12 -2
12 8
2 8
2 17
11 17
10
2 7
-7 7
-7 10
-12 10
-12 15
-14 15
-14 5
-4 5
-4 -4
-13 -4
10
0 9
-9 9
-9 12
-14 12
-14 18
-16 18
-16 8
-6 8
-6 -1
-15 -1
10
-3 -5
6 -5
6 -9
11 -9
11 -14
13 -14
13 -4
4 -4
4 5
12 5
10
9 5
0 5
0 9
-5 9
-5 14
-8 14
-8 4
3 4
3 -5
-6 -5
10
4 -8
4 1
8 1
8 7
13 7
13 8
3 8
3 -2
-6 -2
-6 7
10
9983 6
9992 6
9992 2
9997 2
9997 -3
9999 -3
9999 7
9989 7
9989 16
9998 16
10
-5 4
-5 -5
-9 -5
-9 -10
-14 -10
-14 -12
-4 -12
-4 -2
6 -2
6 -11
10
2 9983
2 9992
5 9992
5 9997
10 9997
10 9999
0 9999
0 9989
-9 9989
-9 9998
10
0 4
0 -5
-4 -5
-4 -10
-9 -10
-9 -13
1 -13
1 -2
10 -2
10 -11
10
1 9
1 0
-4 0
-4 -5
-8 -5
-8 -7
2 -7
2 3
11 3
11 -6
10
9983 -1
9993 -1
9993 -5
9997 -5
9997 -10
9999 -10
9999 0
9989 0
9989 9
9998 9
10
4 5
4 -5
0 -5
0 -9
-5 -9
-5 -11
5 -11
5 -1
14 -1
14 -10
10
9983 -8
9993 -8
9993 -12
9997 -12
9997 -17
9999 -17
9999 -7
9989 -7
9989 2
9998 2
10
9983 9989
9992 9989
9992 9985
9997 9985
9997 9980
9999 9980
9999 9990
9989 9990
9989 9999
9998 9999
10
10
7 -4
7 3
9 3
9 8
11 8
11 15
12 15
12 17
18 17
18 11
10
7 1
7 8
9 8
9 13
11 13
11 20
12 20
12 22
18 22
18 16
10
-3 2
-10 2
-10 4
-15 4
-15 6
-22 6
-22 7
-24 7
-24 13
-18 13
10
8 2
15 2
15 0
20 0
20 -2
27 -2
27 -3
29 -3
29 -9
23 -9
10
-6 -6
-6 1
-4 1
-4 6
-2 6
-2 13
-1 13
-1 15
5 15
5 9
10
8 -8
8 -15
6 -15
6 -20
4 -20
4 -27
3 -27
3 -29
-3 -29
-3 -23
10
8 1
8 -6
6 -6
6 -11
4 -11
4 -18
3 -18
3 -20
-3 -20
-3 -14
10
-1 6
-1 13
1 13
1 18
3 18
3 25
4 25
4 27
10 27
10 21
10
-4 5
-4 12
-2 12
-2 17
0 17
0 24
1 24
1 26
7 26
7 20
10
-4 2
-4 9
-2 9
-2 14
0 14
0 21
1 21
1 23
7 23
7 17
10
4 -1
-3 -1
-3 1
-8 1
-8 3
-15 3
-15 4
-17 4
-17 10
-11 10
10
9
-6 1
-8 1
-8 -7
-11 -7
-11 -12
-19 -12
-19 -20
-12 -20
-12 -22
9
-8 7
-8 5
0 5
0 2
5 2
5 -6
13 -6
13 1
15 1
9
2 6
4 6
4 14
7 14
7 19
15 19
15 27
8 27
8 29
9
4 5
4 7
-4 7
-4 10
-9 10
-9 18
-17 18
-17 11
-19 11
9
-3 -15
-3 -13
-10 -13
-10 -5
-2 -5
-2 0
1 0
1 8
3 8
9
-8 13
-6 13
-6 5
-3 5
-3 10
5 10
5 18
-2 18
-2 20
9
-9 -8
-9 -10
-1 -10
-1 -13
4 -13
4 -21
12 -21
12 -14
14 -14
9
-1 -9
-3 -9
-3 -17
-6 -17
-6 -22
-14 -22
-14 -30
-7 -30
-7 -32
9
-5 1
-5 3
-13 3
-13 6
-18 6
-18 14
-26 14
-26 7
-28 7
9
0 8
0 10
8 10
8 13
13 13
13 21
21 21
21 14
23 14
9
-5 -7
-5 -9
3 -9
3 -12
8 -12
8 -20
16 -20
16 -13
18 -13
6
8
0 0
2 0
2 -2
-2 -2
-2 4
2 4
2 2
0 2
8
2 2
2 4
0 4
0 0
6 0
6 4
4 4
4 2
8
12 4
10 4
10 0
16 0
16 4
14 4
14 2
12 2
8
-4 -2
-2 -2
-2 -4
0 -4
0 0
-6 0
-6 -4
-4 -4
8
-2 14
0 14
0 10
-6 10
-6 14
-4 14
-4 12
-2 12
8
0 4
0 0
6 0
6 4
4 4
4 2
2 2
2 4
8
0 2
2 2
2 4
-2 4
-2 -2
2 -2
2 0
0 0
50
10
-3 5
6 5
6 8
10 8
10 11
18 11
18 5
24 5
24 2
15 2
10
-9972 -3
-9981 -3
-9981 -5
-9985 -5
-9985 -8
-9993 -8
-9993 -2
-9999 -2
-9999 1
-9990 1
10
-9993 9972
-9993 9982
-9996 9982
-9996 9985
-9999 9985
-9999 9993
-9993 9993
-9993 9999
-9990 9999
-9990 9990
10
9 9996
0 9996
0 9994
-4 9994
-4 9990
-12 9990
-12 9996
-18 9996
-18 9999
-9 9999
10
-5 -9972
-5 -9981
-2 -9981
-2 -9986
1 -9986
1 -9993
-5 -9993
-5 -9999
-8 -9999
-8 -9990
10
-3 9992
6 9992
6 9995
10 9995
10 9999
18 9999
18 9992
24 9992
24 9989
15 9989
10
0 -2
0 7
-3 7
-3 11
-6 11
-6 18
0 18
0 25
3 25
3 16
10
9972 0
9981 0
9981 3
9985 3
9985 6
9993 6
9993 1
9999 1
9999 -3
9990 -3
10
-9971 -9993
-9980 -9993
-9980 -9996
-9984 -9996
-9984 -9999
-9992 -9999
-9992 -9993
-9999 -9993
-9999 -9990
-9989 -9990
10
-1 9972
-1 9981
-4 9981
-4 9985
-7 9985
-7 9993
-1 9993
-1 9999
3 9999
3 9990
10
-9996 -9972
-9996 -9981
-9993 -9981
-9993 -9985
-9990 -9985
-9990 -9993
-9996 -9993
-9996 -9999
-9999 -9999
-9999 -9991
10
-4 -6
5 -6
5 -3
9 -3
9 0
17 0
17 -6
23 -6
23 -9
14 -9
10
9993 0
9993 -9
9996 -9
9996 -13
9999 -13
9999 -21
9993 -21
9993 -27
9990 -27
9990 -19
10
9996 -4
9996 5
9993 5
9993 9
9990 9
9990 17
9996 17
9996 24
9999 24
9999 14
10
-8 0
0 0
0 3
4 3
4 6
12 6
12 0
18 0
18 -3
9 -3
10
-6 9992
3 9992
3 9995
7 9995
7 9999
15 9999
15 9993
21 9993
21 9989
12 9989
10
5 -4
5 6
2 6
2 9
-1 9
-1 17
5 17
5 23
8 23
8 14
10
0 -9
0 0
-3 0
-3 4
-6 4
-6 12
1 12
1 18
3 18
3 9
10
0 -9993
-9 -9993
-9 -9996
-13 -9996
-13 -9999
-21 -9999
-21 -9994
-27 -9994
-27 -9990
-18 -9990
10
9993 -9972
9993 -9981
9996 -9981
9996 -9985
9999 -9985
9999 -9993
9993 -9993
9993 -9999
9990 -9999
9990 -9990
10
9972 -1
9982 -1
9982 3
9985 3
9985 5
9993 5
9993 -1
9999 -1
9999 -4
9990 -4
10
-6 4
-6 -5
-3 -5
-3 -9
1 -9
1 -18
-6 -18
-6 -24
-9 -24
-9 -14
10
-9972 -1
-9981 -1
-9981 -4
-9985 -4
-9985 -7
-9993 -7
-9993 -1
-9999 -1
-9999 3
-9990 3
10
5 -3
5 7
2 7
2 11
-1 11
-1 19
5 19
5 25
8 25
8 16
10
-9993 -2
-9993 8
-9996 8
-9996 11
-9999 11
-9999 19
-9993 19
-9993 25
-9990 25
-9990 16
10
-9996 -9972
-9996 -9981
-9993 -9981
-9993 -9985
-9990 -9985
-9990 -9993
-9996 -9993
-9996 -9999
-9999 -9999
-9999 -9990
10
3 -9972
3 -9981
5 -9981
5 -9985
8 -9985
8 -9993
2 -9993
2 -9999
-1 -9999
-1 -9990
10
1 3
-8 3
-8 0
-12 0
-12 -3
-21 -3
-21 3
-26 3
-26 6
-17 6
10
9972 9993
9981 9993
9981 9996
9986 9996
9986 9999
9993 9999
9993 9993
9999 9993
9999 9990
9990 9990
10
-1 0
8 0
8 3
12 3
12 6
20 6
20 0
26 0
26 -4
17 -4
10
0 -9
0 0
-3 0
-3 5
-6 5
-6 12
0 12
0 18
3 18
3 9
10
0 -6
0 3
-3 3
-3 7
-6 7
-6 15
0 15
0 21
3 21
3 12
10
6 -7
6 3
3 3
3 6
0 6
0 14
6 14
6 20
9 20
9 11
10
0 4
0 -5
3 -5
3 -9
6 -9
6 -17
1 -17
1 -23
-3 -23
-3 -14
10
-2 9972
-2 9981
-5 9981
-5 9985
-9 9985
-9 9993
-2 9993
-2 9999
1 9999
1 9990
10
9993 7
9993 -2
9996 -2
9996 -6
9999 -6
9999 -14
9993 -14
9993 -21
9991 -21
9991 -11
9
9996 9981
9993 9981
9993 9985
9990 9985
9990 9993
9996 9993
9996 9999
9999 9999
9999 9990
10
-6 -9995
3 -9995
3 -9993
7 -9993
7 -9989
15 -9989
15 -9995
21 -9995
21 -9999
12 -9999
10
9972 -9996
9981 -9996
9981 -9993
9985 -9993
9985 -9990
9993 -9990
9993 -9996
9999 -9996
9999 -9999
9990 -9999
10
9972 -4
9981 -4
9981 -1
9984 -1
9984 2
9993 2
9993 -4
9999 -4
9999 -7
9990 -7
10
9972 2
9981 2
9981 5
9986 5
9986 8
9993 8
9993 4
9999 4
9999 -1
9991 -1
10
9993 -9972
9993 -9981
9996 -9981
9996 -9984
9999 -9984
9999 -9993
9993 -9993
9993 -9999
9990 -9999
9990 -9991
10
5 9996
-4 9996
-4 9993
-8 9993
-8 9990
-16 9990
-16 9996
-22 9996
-22 9999
-14 9999
10
9973 -6
9981 -6
9981 -4
9985 -4
9985 0
9993 0
9993 -6
9999 -6
9999 -9
9990 -9
10
-9993 -1
-9993 8
-9996 8
-9996 12
-9999 12
-9999 20
-9993 20
-9993 26
-9990 26
-9990 17
10
9993 -9972
9993 -9982
9996 -9982
9996 -9985
9999 -9985
9999 -9993
9993 -9993
9993 -9999
9990 -9999
9990 -9990
10
9996 9972
9996 9981
9993 9981
9993 9985
9990 9985
9990 9993
9996 9993
9996 9999
9999 9999
9999 9990
10
-9 9993
0 9993
0 9996
5 9996
5 9999
12 9999
12 9993
18 9993
18 9990
9 9990
10
2 -3
-8 -3
-8 -6
-11 -6
-11 -9
-19 -9
-19 -3
-25 -3
-25 0
-16 0
10
-9993 -5
-9993 4
-9996 4
-9996 9
-9999 9
-9999 16
-9993 16
-9993 22
-9990 22
-9990 13
10
-4 -9973
-4 -9981
-1 -9981
-1 -9985
2 -9985
2 -9993
-4 -9993
-4 -9999
-7 -9999
-7 -9990
10
10
0 0
2 0
2 3
-1 3
-1 6
-4 6
-4 4
-2 4
-2 2
0 2
10
2 0
2 3
-1 3
-1 6
-4 6
-4 4
-2 4
-2 2
0 2
0 0
10
2 3
-1 3
-1 6
-4 6
-4 4
-2 4
-2 2
0 2
0 0
2 0
10
-1 3
-1 6
-4 6
-4 4
-2 4
-2 2
0 2
0 0
2 0
2 3
10
-1 6
-4 6
-4 4
-2 4
-2 2
0 2
0 0
2 0
2 3
-1 3
10
-4 6
-4 4
-2 4
-2 2
0 2
0 0
2 0
2 3
-1 3
-1 6
10
-4 4
-2 4
-2 2
0 2
0 0
2 0
2 3
-1 3
-1 6
-4 6
10
-2 4
-2 2
0 2
0 0
2 0
2 3
-1 3
-1 6
-4 6
-4 4
10
-2 2
0 2
0 0
2 0
2 3
-1 3
-1 6
-4 6
-4 4
-2 4
10
0 2
0 0
2 0
2 3
-1 3
-1 6
-4 6
-4 4
-2 4
-2 2
10
0 0
2 0
2 3
-1 3
-1 6
-4 6
-4 4
-2 4
-2 2
0 2
4
10
2 -5
2 3
3 3
3 -6
-3 -6
-3 -5
-4 -5
-4 -2
-2 -2
-2 -4
10
3 13
5 13
5 15
2 15
2 14
1 14
1 8
10 8
10 9
2 9
10
4 5
-4 5
-4 6
5 6
5 0
4 0
4 -1
1 -1
1 1
3 1
10
0 3
0 11
-1 11
-1 2
5 2
5 3
6 3
6 6
4 6
4 4
10
-7 -8
1 -8
1 -9
-8 -9
-8 -3
-7 -3
-7 -2
-4 -2
-4 -4
-6 -4
9
8
-3 8
-12 8
-12 5
-17 5
-17 9
-16 9
-16 14
-18 14
8
4 -4
4 -13
1 -13
1 -18
5 -18
5 -17
10 -17
10 -19
8
-6 -2
-15 -2
-15 -5
-20 -5
-20 -1
-19 -1
-19 4
-21 4
8
0 -1
0 -10
3 -10
3 -15
-1 -15
-1 -14
-6 -14
-6 -16
8
4 0
4 9
1 9
1 14
5 14
5 13
10 13
10 15
8
2 5
2 -4
5 -4
5 -9
1 -9
1 -8
-4 -8
-4 -10
8
8 -2
8 -11
11 -11
11 -16
7 -16
7 -15
2 -15
2 -17
8
-6 9
3 9
3 12
8 12
8 8
7 8
7 3
9 3
7
-6 2
-15 2
-15 -1
-20 -1
-20 3
-19 3
-19 8
8
-3 -9
-3 0
-6 0
-6 5
-2 5
-2 4
3 4
3 6
8
5
3 -3
3 -2
1 -2
1 0
-8 0
5
-1 -8
-1 -13
-3 -13
-3 -11
-12 -11
5
-2 -7
-7 -7
-7 -5
-5 -5
-5 4
5
9 -3
14 -3
14 -5
12 -5
12 -14
5
6 4
11 4
11 2
9 2
9 -7
5
-6 7
-1 7
-1 5
-3 5
-3 -4
5
1 -9
1 -14
-1 -14
-1 -12
-10 -12
5
3 -6
3 -1
5 -1
5 -3
14 -3
5
8 -5
8 -10
6 -10
6 -8
-3 -8
50
10
1 7
-9 7
-9 2
-14 2
-14 9
-21 9
-21 11
-29 11
-29 12
-36 12
10
3 9994
-7 9994
-7 9988
-12 9988
-12 9996
-19 9996
-19 9998
-27 9998
-27 9999
-34 9999
10
3 -2
3 8
-2 8
-2 13
5 13
5 20
7 20
7 28
8 28
8 35
10
9993 9962
9993 9972
9989 9972
9989 9977
9996 9977
9996 9984
9998 9984
9998 9992
9999 9992
9999 9999
10
9993 1
9993 -9
9999 -9
9999 -14
9992 -14
9992 -21
9990 -21
9990 -29
9989 -29
9989 -36
10
-9994 -9962
-9994 -9972
-9989 -9972
-9989 -9978
-9996 -9978
-9996 -9984
-9998 -9984
-9998 -9992
-9999 -9992
-9999 -9999
10
-9962 -1
-9972 -1
-9972 -6
-9977 -6
-9977 1
-9984 1
-9984 3
-9992 3
-9992 5
-9999 5
10
5 -9962
5 -9972
10 -9972
10 -9978
3 -9978
3 -9984
1 -9984
1 -9992
0 -9992
0 -9999
10
-4 3
-4 -7
1 -7
1 -12
-7 -12
-7 -19
-8 -19
-8 -27
-9 -27
-9 -34
10
2 -6
2 4
-3 4
-3 9
4 9
4 16
6 16
6 23
7 23
7 31
10
-9962 1
-9972 1
-9972 -4
-9977 -4
-9977 3
-9984 3
-9984 4
-9992 4
-9992 6
-9999 6
10
-9994 -9962
-9994 -9972
-9989 -9972
-9989 -9978
-9996 -9978
-9996 -9984
-9998 -9984
-9998 -9992
-9999 -9992
-9999 -9999
10
5 4
5 -6
10 -6
10 -11
3 -11
3 -19
1 -19
1 -26
0 -26
0 -33
10
-3 9962
-3 9972
-8 9972
-8 9977
-1 9977
-1 9984
1 9984
1 9991
2 9991
2 9999
10
2 -4
2 6
-2 6
-2 11
5 11
5 18
7 18
7 26
8 26
8 33
10
-7 -3
3 -3
3 1
8 1
8 -5
15 -5
15 -7
23 -7
23 -8
30 -8
10
-9962 -3
-9972 -3
-9972 -8
-9977 -8
-9977 -1
-9984 -1
-9984 0
-9992 0
-9992 2
-9999 2
10
2 9962
2 9972
-3 9972
-3 9977
4 9977
4 9984
6 9984
6 9992
7 9992
7 9999
10
9994 -6
9994 4
9989 4
9989 9
9996 9
9996 16
9998 16
9998 24
9995 24
9995 31
10
3 5
-7 5
-7 0
-13 0
-13 7
-19 7
-19 9
-27 9
-27 10
-34 10
10
5 -9
5 1
0 1
0 5
7 5
7 13
9 13
9 21
10 21
10 28
10
3 -9962
3 -9972
8 -9972
8 -9977
0 -9977
0 -9984
-1 -9984
-1 -9992
-2 -9992
-2 -9999
10
1 5
1 -5
6 -5
6 -10
-2 -10
-2 -17
-3 -17
-3 -25
-4 -25
-4 -32
10
2 -9995
-8 -9995
-8 -9999
-13 -9999
-13 -9992
-20 -9992
-20 -9990
-28 -9990
-28 -9989
-35 -9989
10
-6 2
4 2
4 7
9 7
9 0
16 0
16 -3
24 -3
24 -5
31 -5
10
-7 1
3 1
3 6
8 6
8 -1
14 -1
14 -3
23 -3
23 -4
30 -4
10
-5 2
5 2
5 7
10 7
10 0
17 0
17 -2
24 -2
24 -3
32 -3
10
9962 -9994
9971 -9994
9971 -9989
9977 -9989
9977 -9996
9984 -9996
9984 -9998
9992 -9998
9992 -9999
9999 -9999
10
-5 -8
-5 2
-10 2
-10 6
-3 6
-3 14
-1 14
-1 22
0 22
0 29
10
-9994 9962
-9994 9972
-9999 9972
-9999 9977
-9992 9977
-9992 9984
-9990 9984
-9990 9992
-9989 9992
-9989 9999
10
-9962 -9994
-9972 -9994
-9972 -9999
-9977 -9999
-9977 -9992
-9984 -9992
-9984 -9991
-9992 -9991
-9992 -9989
-9999 -9989
10
2 9994
-9 9994
-9 9989
-13 9989
-13 9996
-20 9996
-20 9998
-28 9998
-28 9999
-35 9999
10
-8 -9994
2 -9994
2 -9989
7 -9989
7 -9996
14 -9996
14 -9998
22 -9998
22 -9999
29 -9999
10
-9995 9962
-9995 9972
-9999 9972
-9999 9977
-9992 9977
-9992 9984
-9990 9984
-9990 9992
-9989 9992
-9989 9999
10
2 9962
2 9972
-3 9972
-3 9977
3 9977
3 9984
6 9984
6 9992
7 9992
7 9999
10
-2 4
-2 -6
3 -6
3 -11
-4 -11
-4 -18
-6 -18
-6 -26
-7 -26
-7 -33
10
-9994 6
-9994 -4
-9989 -4
-9989 -9
-9997 -9
-9997 -16
-9998 -16
-9998 -24
-9999 -24
-9999 -31
10
-1 2
-1 -8
4 -8
4 -13
-3 -13
-3 -20
-5 -20
-5 -28
-6 -28
-6 -35
10
-1 9962
-1 9972
-6 9972
-6 9977
1 9977
1 9984
3 9984
3 9992
5 9992
5 9999
10
9962 5
9972 5
9972 10
9977 10
9977 3
9984 3
9984 1
9992 1
9992 0
9999 0
10
-3 8
-3 -2
2 -2
2 -7
-6 -7
-6 -14
-7 -14
-7 -22
-8 -22
-8 -29
10
-9994 -9962
-9994 -9972
-9989 -9972
-9989 -9977
-9996 -9977
-9996 -9984
-9998 -9984
-9998 -9993
-9999 -9993
-9999 -9999
10
9962 -1
9972 -1
9972 4
9977 4
9977 -3
9984 -3
9984 -6
9992 -6
9992 -8
9999 -8
10
-9994 -3
-9994 7
-9999 7
-9999 11
-9992 11
-9992 19
-9990 19
-9990 27
-9989 27
-9989 34
10
-1 9962
-1 9972
-6 9972
-6 9977
1 9977
1 9983
3 9983
3 9992
4 9992
4 9999
10
-2 -9962
-2 -9972
3 -9972
3 -9977
-4 -9977
-4 -9984
-6 -9984
-6 -9993
-7 -9993
-7 -9999
10
4 -7
4 3
-1 3
-1 8
6 8
6 15
8 15
8 23
10 23
10 30
10
9994 9962
9994 9972
9989 9972
9989 9977
9995 9977
9995 9984
9998 9984
9998 9992
9999 9992
9999 9999
10
9962 9994
9972 9994
9972 9999
9977 9999
9977 9992
9984 9992
9984 9990
9992 9990
9992 9989
9999 9989
10
9994 -9962
9994 -9972
9999 -9972
9999 -9977
9992 -9977
9992 -9984
9990 -9984
9990 -9993
9989 -9993
9989 -9999
10
-1 4
9 4
9 9
14 9
14 2
21 2
21 0
29 0
29 -1
36 -1
5
6
0 0
0 4
2 4
2 2
4 2
4 0
6
0 0
0 -4
-2 -4
-2 -2
-4 -2
-4 0
6
4 -4
2 -4
2 -2
0 -2
0 0
4 0
6
2 -4
2 -2
0 -2
0 0
4 0
4 -4
6
2 0
2 2
0 2
0 4
4 4
4 0
6
-4 -14
-4 -10
-2 -10
-2 -12
0 -12
0 -14
4
4
9 1
17 1
17 4
23 4
4
8 -1
8 -9
5 -9
5 -15
4
6 -8
14 -8
14 -11
20 -11
4
7 3
15 3
15 6
21 6
4
4 8
12 8
12 5
18 5
19
10
-6 -7
-6 -13
3 -13
3 -9
8 -9
8 -11
18 -11
18 -18
8 -18
8 -12
10
6 -6
-3 -6
-3 -12
1 -12
1 -17
-1 -17
-1 -27
-8 -27
-8 -17
-2 -17
10
3 5
3 11
-6 11
-6 7
-11 7
-11 9
-21 9
-21 16
-11 16
-11 10
10
-2 0
-8 0
-8 -9
-4 -9
-4 -14
-6 -14
-6 -24
-13 -24
-13 -14
-7 -14
10
-1 -7
-1 -13
8 -13
8 -9
13 -9
13 -11
23 -11
23 -18
13 -18
13 -12
10
4 7
10 7
10 16
6 16
6 21
8 21
8 31
15 31
15 21
9 21
10
-4 8
-4 2
5 2
5 6
10 6
10 4
20 4
20 -3
10 -3
10 3
10
-3 4
-9 4
-9 -5
-5 -5
-5 -10
-7 -10
-7 -20
-14 -20
-14 -10
-8 -10
10
-5 9
-11 9
-11 0
-7 0
-7 -5
-9 -5
-9 -15
-16 -15
-16 -5
-10 -5
10
-8 -4
-8 2
-17 2
-17 -2
-22 -2
-22 0
-32 0
-32 7
-22 7
-22 1
10
-7 -4
-1 -4
-1 5
-5 5
-5 10
-3 10
-3 20
4 20
4 10
-2 10
10
-1 6
-1 12
-10 12
-10 8
-15 8
-15 10
-25 10
-25 17
-15 17
-15 11
10
-2 -1
-2 5
-11 5
-11 1
-16 1
-16 3
-26 3
-26 10
-16 10
-16 4
10
9 3
9 -3
18 -3
18 1
23 1
23 -1
33 -1
33 -8
23 -8
23 -2
10
-4 8
-4 2
-13 2
-13 6
-18 6
-18 4
-28 4
-28 -3
-18 -3
-18 3
10
-7 -1
-1 -1
-1 8
-5 8
-5 13
-3 13
-3 23
4 23
4 13
-2 13
10
-7 -10
-13 -10
-13 -20
-6 -20
-6 -10
-4 -10
-4 -5
-8 -5
-8 4
-2 4
10
-6 -8
-6 -14
3 -14
3 -10
8 -10
8 -12
18 -12
18 -19
8 -19
8 -13
10
8 -7
14 -7
14 -16
10 -16
10 -21
12 -21
12 -31
19 -31
19 -21
13 -21
10
-8 -9
-8 -15
1 -15
1 -11
6 -11
6 -13
16 -13
16 -20
6 -20
6 -14
7
8
-2 7
-11 7
-11 15
-20 15
-20 25
-14 25
-14 29
-11 29
8
-6 2
3 2
3 10
12 10
12 20
6 20
6 24
3 24
8
-7 -8
-16 -8
-16 16
-25 16
-25 -26
-19 -26
-19 -30
-16 -30
8
-7 1
-7 10
1 10
1 19
11 19
11 13
15 13
15 10
8
-13 -3
-13 -6
-9 -6
-9 -12
1 -12
1 -3
9 -3
9 6
8
0 -4
0 -13
8 -13
8 -22
-10 -22
-10 -16
-14 -16
-14 -13
8
-4 0
-13 0
-13 8
-22 8
-22 18
-16 18
-16 22
-13 22
8
8 4
17 4
17 -4
26 -4
26 -14
20 -14
20 -18
17 -18
50
10
4 8
4 10
-1 10
-1 14
5 14
5 5
10 5
10 10
6 10
6 13
10
-4 -4
-4 -5
1 -5
1 -9
-5 -9
-5 0
-10 0
-10 -5
-6 -5
-6 -8
10
3 3
1 3
1 -3
-3 -3
-3 4
6 4
6 9
1 9
1 5
-2 5
10
-6 9994
-4 9994
-4 9999
0 9999
0 9993
-9 9993
-9 9988
-4 9988
-4 9990
-1 9990
10
-9996 -4
-9994 -4
-9994 1
-9990 1
-9990 -5
-9999 -5
-9999 -11
-9994 -11
-9994 -6
-9991 -6
10
1 -9993
1 -9995
5 -9995
5 -9999
0 -9999
0 -9990
-5 -9990
-5 -9995
-1 -9995
-1 -9998
10
-4 3
-4 1
1 1
1 -3
-5 -3
-5 6
-10 6
-10 1
-7 1
-7 -2
10
9994 0
9994 -3
9999 -3
9999 -6
9993 -6
9993 3
9988 3
9988 -2
9992 -2
9992 -5
10
-9996 4
-9994 4
-9994 9
-9990 9
-9990 3
-9999 3
-9999 -2
-9994 -2
-9994 2
-9991 2
10
-3 1
-5 1
-5 -5
-9 -5
-9 2
0 2
0 7
-5 7
-5 3
-8 3
10
-5 -9993
-5 -9995
0 -9995
0 -9998
-6 -9998
-6 -9990
-11 -9990
-11 -9995
-7 -9995
-7 -9998
10
-9993 0
-9993 -2
-9988 -2
-9988 -6
-9995 -6
-9995 3
-9999 3
-9999 -2
-9997 -2
-9997 -5
10
9996 9993
9994 9993
9994 9988
9989 9988
9989 9994
9999 9994
9999 9999
9994 9999
9994 9995
9991 9995
10
4 -9994
2 -9994
2 -9999
-2 -9999
-2 -9993
7 -9993
7 -9988
2 -9988
2 -9992
-1 -9992
10
3 -9993
3 -9995
8 -9995
8 -9999
2 -9999
2 -9990
-3 -9990
-3 -9995
1 -9995
1 -9998
10
-5 2
-5 0
0 0
0 -4
-6 -4
-6 5
-11 5
-11 0
-7 0
-7 -3
10
-1 4
-1 2
3 2
3 -2
-2 -2
-2 7
-7 7
-7 2
-3 2
-3 -1
10
-3 2
-3 1
-8 1
-8 8
-2 8
-2 -1
3 -1
3 4
-1 4
-1 7
10
2 0
4 0
4 4
8 4
8 -1
-1 -1
-1 -6
4 -6
4 -2
7 -2
10
9996 3
9994 3
9994 -2
9990 -2
9990 4
9999 4
9999 9
9994 9
9994 5
9991 5
10
9993 9993
9993 9995
9988 9995
9988 9998
9994 9998
9994 9990
9999 9990
9999 9995
9995 9995
9995 9998
10
-2 5
0 5
0 9
4 9
4 4
-5 4
-5 -1
0 -1
0 3
3 3
10
-3 1
-3 3
-8 3
-8 7
-2 7
-2 -2
3 -2
3 2
-1 2
-1 6
10
5 -9993
5 -9995
10 -9995
10 -9999
4 -9999
4 -9990
-1 -9990
-1 -9996
3 -9996
3 -9998
10
-9996 5
-9994 5
-9994 10
-9990 10
-9990 4
-9999 4
-9999 -1
-9994 -1
-9994 3
-9991 3
10
5 9993
3 9993
3 9987
-1 9987
-1 9994
8 9994
8 9999
3 9999
3 9995
0 9995
10
1 -5
1 -4
-4 -4
-4 1
2 1
2 -8
7 -8
7 -3
3 -3
3 0
10
-9993 2
-9993 0
-9989 0
-9989 -4
-9994 -4
-9994 5
-9999 5
-9999 0
-9995 0
-9995 -3
10
9993 -9996
9993 -9994
9988 -9994
9988 -9990
9987 -9990
9987 -9999
9999 -9999
9999 -9994
9995 -9994
9995 -9991
10
-9993 9993
-9995 9993
-9995 9988
-9999 9988
-9999 9994
-9990 9994
-9990 9999
-9995 9999
-9995 9995
-9998 9995
10
-6 2
-4 2
-4 7
0 7
0 1
-12 1
-12 -4
-11 -4
-11 0
-1 0
10
-5 9994
-3 9994
-3 9999
0 9999
0 9993
-8 9993
-8 9988
-3 9988
-3 9992
0 9992
10
0 -9993
2 -9993
2 -9989
6 -9989
6 -9994
-3 -9994
-3 -9999
2 -9999
2 -9995
5 -9995
10
9993 9994
9995 9994
9995 9999
9999 9999
9999 9993
9990 9993
9990 9987
9995 9987
9995 9992
9998 9992
10
-9996 9994
-9994 9994
-9994 9999
-9990 9999
-9990 9993
-9999 9993
-9999 9987
-9994 9987
-9994 9992
-9991 9992
10
-4 2
-3 2
-3 7
2 7
2 1
-7 1
-7 -4
-2 -4
-2 0
1 0
10
9993 -9993
9994 -9993
9994 -9988
9999 -9988
9999 -9994
9990 -9994
9990 -9999
9995 -9999
9995 -9995
9998 -9995
10
-9993 9993
-9995 9993
-9995 9988
-9999 9988
-9999 9986
-9990 9986
-9990 9999
-9995 9999
-9995 9994
-9998 9994
10
-9993 2
-9995 2
-9995 -3
-9998 -3
-9998 3
-9990 3
-9990 8
-9995 8
-9995 4
-9998 4
10
-9996 5
-9995 5
-9995 10
-9990 10
-9990 4
-9999 4
-9999 -1
-9994 -1
-9994 3
-9991 3
10
9996 9993
9994 9993
9994 9988
9989 9988
9989 9994
9999 9994
9999 9999
9994 9999
9994 9995
9991 9995
10
-5 9996
-5 9994
0 9994
0 9990
-6 9990
-6 9999
-11 9999
-11 9993
-7 9993
-7 9991
10
-2 -1
0 -1
0 4
4 4
4 -2
-5 -2
-5 -7
0 -7
0 -3
3 -3
10
9993 -4
9993 -2
9988 -2
9988 2
9994 2
9994 -7
9999 -7
9999 -3
9995 -3
9995 1
10
2 -6
0 -6
0 -11
-4 -11
-4 -5
5 -5
5 0
0 0
0 -4
-3 -4
10
-9994 -1
-9994 1
-9999 1
-9999 4
-9993 4
-9993 -4
-9988 -4
-9988 1
-9992 1
-9992 4
10
-6 -5
-6 -3
-11 -3
-11 1
-5 1
-5 -8
0 -8
0 -3
-4 -3
-4 0
10
-1 -2
-1 -4
4 -4
4 -8
-3 -8
-3 1
-7 1
-7 -4
-4 -4
-4 -7
10
-9993 -4
-9996 -4
-9996 -9
-9999 -9
-9999 -3
-9990 -3
-9990 2
-9995 2
-9995 -2
-9998 -2
10
9993 -4
9995 -4
9995 0
9999 0
9999 -5
9990 -5
9990 -10
9995 -10
9995 -6
9998 -6
10
-1 9996
-1 9994
4 9994
4 9990
-2 9990
-2 9998
-7 9998
-7 9994
-3 9994
-3 9991
0
