548719888899899999689677714491496427699989641856961085665323468444754
25573835959964879594965444682753565748395736874858973467323386465487
809168899949344179266645786698949968965884740732515794522688396901900
96739582348510588954767799886580435804695697855971795857735651426713
494185478258827255115969896474937543698546386468835895999794797628806
589262571697949285979966585499749348298118396657908859626950591954648
5727898883138963380056364687449999488143998868657597925855663656198
278897361446837429724324697474659992984598866967968865789652897588875
128988978814538753996998798889943497873587395979967284237846698586837
833240919987568568583796184868509715464795074655736586248399824424756
873847774869889546608453859835278869478166929988735408560198898964671
146996375965948397979966926298968985374278489593979997689888479951063
62174213948957668541686794977980384638886777288691686489694252348165
629891889169428827487489943688975498456945995499766595728885237576751
686099879796851664492949779086938965579645180679898669696423295847984
51999698998187345583888375280996707828858874998347652952915141004654
78949498897756973570667979653658864866759649589758890922696279911088
25620562837673159285989472981785773979139824997486389883822639596446
89464695997961418195762896876673048959577940887343809868155713424014
