548719888899899979689677714491496427699989641856961085665323468444754
25573835959664879594965444682753565748395736874858973467323382325487
809168899949344179266645706696929962365814740732515794522688396901900
96739582348510588954767799886580435804695697855971795857735631426713
494185478258827255115969436474937543698546386468821894939774797628806
589262571697715285892995085499749348298118396657908859626950591954648
5727898883138963380056364687449999488143998868657597925850663656198
278680814974294329724324697474659992984598866967968865789652897584875
128988978814538753996768775843379654866879933989999514878467969866837
833240919787568568583745184868509715464795074655736586248399824424756
873847774869889546608453359835278559478166929988735408560198898964671
146996335964578397778966926208464984364268449591673997689888479041063
62174213948957668541656794977980384638386777288291686489694252348165
629891889169428827487489643688975498456945995499766595728885237576751
686099879796851664492949779086938965579645180679898669696423295847984
51969698998187345583888375260996707826835174998347652952915141004654
78949498897756973570667979653658864866759520578718771048746279911088
25620562837673159285921697789685773979139824997486389883822635394216
89464695997961418195762896876673048950577045836209809868155713424014
